timestamp,gpu_util_percent,memory_util_percent
1765851072,0,0
1765851074,0,0
1765851076,0,0
1765851077,0,0
1765851078,0,0
1765851079,0,0
1765851080,0,0
1765851081,0,0
1765851082,0,0
1765851083,0,0
1765851084,0,0
1765851085,0,0
1765851086,0,0
1765851087,0,0
1765851089,0,0
1765851090,0,0
1765851091,0,0
1765851092,0,0
1765851093,0,0
1765851094,0,0
1765851095,0,0
1765851096,0,0
1765851097,0,0
1765851098,0,0
1765851099,0,0
1765851100,0,0
1765851101,0,0
1765851102,0,0
1765851103,0,0
1765851104,0,0
1765851105,0,0
1765851106,0,0
1765851107,0,0
1765851108,0,0
1765851109,0,0
1765851110,0,0
1765851111,0,0
1765851112,0,0
1765851113,8,0
1765851114,7,0
1765851115,8,0
1765851116,7,0
1765851117,87,71
1765851118,90,76
1765851119,91,76
1765851120,93,76
1765851121,90,75
1765851122,94,77
1765851123,95,77
1765851125,91,76
1765851126,90,75
1765851127,90,75
1765851128,90,75
1765851129,90,75
1765851130,89,75
1765851131,89,75
1765851132,92,77
1765851133,93,76
1765851134,95,77
1765851135,91,75
1765851136,91,76
1765851137,95,78
1765851138,91,75
1765851139,91,76
1765851140,90,75
1765851141,90,75
1765851142,90,75
1765851143,92,76
1765851144,94,76
1765851145,90,75
1765851146,93,77
1765851147,94,76
1765851148,95,77
1765851149,93,76
1765851150,91,76
1765851151,90,75
1765851152,94,77
1765851153,91,75
1765851154,91,76
1765851155,90,75
1765851156,90,75
1765851157,89,75
1765851158,90,75
1765851159,93,77
1765851160,90,75
1765851161,90,75
1765851162,90,75
1765851164,93,77
1765851165,93,76
1765851166,95,77
1765851167,95,77
1765851168,93,76
1765851169,93,77
1765851170,93,76
1765851171,95,77
1765851172,95,77
1765851173,93,76
1765851174,91,75
1765851175,91,76
1765851176,95,77
1765851177,94,77
1765851178,91,74
1765851179,91,75
1765851180,90,74
1765851181,89,74
1765851182,89,74
1765851183,90,75
1765851184,91,76
1765851185,90,74
1765851186,90,74
1765851187,89,74
1765851188,90,74
1765851189,90,74
1765851190,91,75
1765851191,93,77
1765851192,90,75
1765851193,90,75
1765851194,89,74
1765851195,91,76
1765851196,93,77
1765851197,93,76
1765851198,95,77
1765851199,89,74
1765851200,91,75
1765851201,93,77
1765851202,93,76
1765851204,93,76
1765851205,95,77
1765851206,95,77
1765851207,94,76
1765851208,92,76
1765851209,93,77
1765851210,94,76
1765851211,94,76
1765851212,95,77
1765851213,95,76
1765851214,95,77
1765851215,95,77
1765851216,91,75
1765851217,93,77
1765851218,93,76
1765851219,93,76
1765851220,95,77
1765851221,95,76
1765851222,95,76
1765851223,91,75
1765851224,91,75
1765851225,93,77
1765851226,93,76
1765851227,93,76
1765851228,93,76
1765851229,95,77
1765851230,95,76
1765851231,90,74
1765851232,90,74
1765851233,92,76
1765851234,92,76
1765851235,93,75
1765851236,93,76
1765851237,93,76
1765851238,94,76
1765851239,90,74
1765851240,90,74
1765851241,90,74
1765851242,90,74
1765851244,90,74
1765851245,91,75
1765851246,93,77
1765851247,89,74
1765851248,90,74
1765851249,89,73
1765851250,90,73
1765851251,90,74
1765851252,89,74
1765851253,90,74
1765851254,89,74
1765851255,93,75
1765851256,93,75
1765851257,93,75
1765851258,93,76
1765851259,93,75
1765851260,95,75
1765851261,95,77
1765851262,94,76
1765851263,89,74
1765851264,90,74
1765851265,90,74
1765851266,90,72
1765851267,90,72
1765851268,92,71
1765851269,95,74
1765851270,89,71
1765851271,93,73
1765851272,95,74
1765851273,93,75
1765851274,90,72
1765851275,90,72
1765851276,91,71
1765851277,90,72
1765851278,90,72
1765851279,91,71
1765851280,95,74
1765851281,93,74
1765851283,90,72
1765851284,90,72
1765851285,92,72
1765851286,90,72
1765851287,90,72
1765851288,93,72
1765851289,95,74
1765851290,93,74
1765851291,90,72
1765851292,90,72
1765851293,93,72
1765851294,89,72
1765851295,91,73
1765851296,94,73
1765851297,95,74
1765851298,92,74
1765851299,90,72
1765851300,91,73
1765851301,91,72
1765851302,90,72
1765851303,91,73
1765851304,94,73
1765851305,94,74
1765851306,91,73
1765851307,90,72
1765851308,91,73
1765851309,91,73
1765851310,89,72
1765851311,91,73
1765851312,94,74
1765851313,94,74
1765851314,90,72
1765851315,90,72
1765851316,91,73
1765851317,89,72
1765851318,90,72
1765851319,91,73
1765851320,95,74
1765851321,95,74
1765851323,92,74
1765851324,90,72
1765851325,95,74
1765851326,92,74
1765851327,89,72
1765851328,89,72
1765851329,93,73
1765851330,95,74
1765851331,94,75
1765851332,90,72
1765851333,95,74
1765851334,93,74
1765851335,89,72
1765851336,90,72
1765851337,92,72
1765851338,95,74
1765851339,93,74
1765851340,90,73
1765851341,95,74
1765851342,93,75
1765851343,89,72
1765851344,89,72
1765851345,91,72
1765851346,95,75
1765851347,92,74
1765851348,94,74
1765851349,95,74
1765851350,92,74
1765851351,90,73
1765851352,90,72
1765851353,93,73
1765851354,95,74
1765851355,93,74
1765851356,93,73
1765851357,95,74
1765851358,93,74
1765851359,90,72
1765851360,90,72
1765851361,91,72
1765851363,95,74
1765851364,93,73
1765851365,91,72
1765851366,95,74
1765851367,93,73
1765851368,91,73
1765851369,89,72
1765851370,89,72
1765851371,92,72
1765851372,90,72
1765851373,90,72
1765851374,91,72
1765851375,95,74
1765851376,93,73
1765851377,90,72
1765851378,90,72
1765851379,91,71
1765851380,89,72
1765851381,89,72
1765851382,91,72
1765851383,95,74
1765851384,94,73
1765851385,90,72
1765851386,89,72
1765851387,91,73
1765851388,90,72
1765851389,89,72
1765851390,91,73
1765851391,94,73
1765851392,95,74
1765851393,92,74
1765851394,90,72
1765851395,95,74
1765851396,93,75
1765851397,89,72
1765851398,90,72
1765851399,91,72
1765851400,95,74
1765851401,93,73
1765851403,89,72
1765851404,95,74
1765851405,93,74
1765851406,89,72
1765851407,89,72
1765851408,91,73
1765851409,95,74
1765851410,100,74
1765851411,100,74
1765851412,100,73
1765851413,100,72
1765851414,100,73
1765851415,100,72
1765851416,100,72
1765851417,100,73
1765851418,100,73
1765851419,100,73
1765851420,100,72
1765851421,2,0
1765851422,0,0
1765851423,6,0
1765851424,0,0
1765851425,0,0
1765851426,0,0
1765851427,89,74
1765851428,91,76
1765851429,93,77
1765851430,93,75
1765851431,95,77
1765851432,95,77
1765851433,91,74
1765851434,93,76
1765851435,95,77
1765851436,95,77
1765851437,91,74
1765851438,91,76
1765851439,89,74
1765851440,89,74
1765851442,89,75
1765851443,91,75
1765851444,89,75
1765851445,89,74
1765851446,89,75
1765851447,89,74
1765851448,89,74
1765851449,89,74
1765851450,91,76
1765851451,90,74
1765851452,89,74
1765851453,89,74
1765851454,89,74
1765851455,90,74
1765851456,91,76
1765851457,93,76
1765851458,90,74
1765851459,89,74
1765851460,89,74
1765851461,89,74
1765851462,89,74
1765851463,91,74
1765851464,91,75
1765851465,92,76
1765851466,89,74
1765851467,89,74
1765851468,89,73
1765851469,89,74
1765851470,89,74
1765851471,89,74
1765851472,89,74
1765851473,92,74
1765851474,93,75
1765851475,92,75
1765851476,92,74
1765851477,92,74
1765851478,93,74
1765851479,93,75
1765851480,93,75
1765851482,91,75
1765851483,92,75
1765851484,91,74
1765851485,90,75
1765851486,91,74
1765851487,89,74
1765851488,89,73
1765851489,89,73
1765851490,91,75
1765851491,91,75
1765851492,91,75
1765851493,91,74
1765851494,91,74
1765851495,95,74
1765851496,94,74
1765851497,91,73
1765851498,92,72
1765851499,95,75
1765851500,93,73
1765851501,91,73
1765851502,90,73
1765851503,90,72
1765851504,91,73
1765851505,89,72
1765851506,89,72
1765851507,91,73
1765851508,93,73
1765851509,93,73
1765851510,93,75
1765851511,89,73
1765851512,89,72
1765851513,93,73
1765851514,89,72
1765851515,90,73
1765851516,91,73
1765851517,93,73
1765851518,95,74
1765851519,93,74
1765851521,91,73
1765851522,95,74
1765851523,95,74
1765851524,93,75
1765851525,89,72
1765851526,89,72
1765851527,90,73
1765851528,91,72
1765851529,90,73
1765851530,89,72
1765851531,91,73
1765851532,93,73
1765851533,95,75
1765851534,93,74
1765851535,89,73
1765851536,89,72
1765851537,93,73
1765851538,91,73
1765851539,89,72
1765851540,89,72
1765851541,91,72
1765851542,90,71
1765851543,93,74
1765851544,90,72
1765851545,95,74
1765851546,95,75
1765851547,93,74
1765851548,89,73
1765851549,89,72
1765851550,91,73
1765851551,92,74
1765851552,90,73
1765851553,90,73
1765851554,91,74
1765851555,93,73
1765851556,95,75
1765851557,93,74
1765851558,89,72
1765851560,95,74
1765851561,95,75
1765851562,93,75
1765851563,90,73
1765851564,89,72
1765851565,91,73
1765851566,92,73
1765851567,89,73
1765851568,90,73
1765851569,91,74
1765851570,93,73
1765851571,95,75
1765851572,93,74
1765851573,90,73
1765851574,90,73
1765851575,95,74
1765851576,93,75
1765851577,90,73
1765851578,89,72
1765851579,91,73
1765851580,95,74
1765851581,95,75
1765851582,93,74
1765851583,91,73
1765851584,95,74
1765851585,95,74
1765851586,93,74
1765851587,89,72
1765851588,89,73
1765851589,90,72
1765851590,93,74
1765851591,90,72
1765851592,89,72
1765851593,90,73
1765851594,92,72
1765851595,95,74
1765851596,93,74
1765851597,90,73
1765851598,95,75
1765851600,95,75
1765851601,93,75
1765851602,89,72
1765851603,90,73
1765851604,91,73
1765851605,91,72
1765851606,90,73
1765851607,90,73
1765851608,90,73
1765851609,92,72
1765851610,95,75
1765851611,93,73
1765851612,91,73
1765851613,90,73
1765851614,95,75
1765851615,93,74
1765851616,90,73
1765851617,89,72
1765851618,91,73
1765851619,92,72
1765851620,95,74
1765851621,93,74
1765851622,91,73
1765851623,92,72
1765851624,94,74
1765851625,93,74
1765851626,91,73
1765851627,90,73
1765851628,89,72
1765851629,93,74
1765851630,89,72
1765851631,89,72
1765851632,90,73
1765851633,92,72
1765851634,95,74
1765851635,93,74
1765851636,91,74
1765851637,93,73
1765851639,95,75
1765851640,93,74
1765851641,89,72
1765851642,89,72
1765851643,90,72
1765851644,91,73
1765851645,89,73
1765851646,89,72
1765851647,88,70
1765851648,91,73
1765851649,94,74
1765851650,95,75
1765851651,93,75
1765851652,90,73
1765851653,95,74
1765851654,94,74
1765851655,92,74
1765851656,89,73
1765851657,90,73
1765851658,91,73
1765851659,94,74
1765851660,90,73
1765851661,89,72
1765851662,91,72
1765851663,95,74
1765851664,95,75
1765851665,93,75
1765851666,90,73
1765851667,90,73
1765851668,94,74
1765851669,92,74
1765851670,90,72
1765851671,89,72
1765851672,91,73
1765851673,95,74
1765851674,93,73
1765851675,91,73
1765851676,94,73
1765851678,95,75
1765851679,93,74
1765851680,89,72
1765851681,89,72
1765851682,89,72
1765851683,91,73
1765851684,90,73
1765851685,90,73
1765851686,90,72
1765851687,91,72
1765851688,95,75
1765851689,94,74
1765851690,93,75
1765851691,89,73
1765851692,95,74
1765851693,95,75
1765851694,94,74
1765851695,89,73
1765851696,90,73
1765851697,90,73
1765851698,91,74
1765851699,92,74
1765851700,90,73
1765851701,90,73
1765851702,91,73
1765851703,93,73
1765851704,95,74
1765851705,93,73
1765851706,91,73
1765851707,92,72
1765851708,95,75
1765851709,94,74
1765851710,93,75
1765851711,90,73
1765851712,90,73
1765851713,90,72
1765851714,94,74
1765851715,91,74
1765851717,90,73
1765851718,89,72
1765851719,91,72
1765851720,95,74
1765851721,95,75
1765851722,100,74
1765851723,100,73
1765851724,100,73
1765851725,100,73
1765851726,100,74
1765851727,100,74
1765851728,100,74
1765851729,100,74
1765851730,100,74
1765851731,100,74
1765851732,4,0
1765851733,0,0
1765851734,0,0
1765851735,2,0
1765851736,1,0
1765851737,0,0
1765851738,0,0
1765851739,0,0
1765851740,91,75
1765851741,91,76
1765851742,90,75
1765851743,89,75
1765851744,89,74
1765851745,91,76
1765851746,89,74
1765851747,90,75
1765851748,89,75
1765851749,89,75
1765851750,89,74
1765851751,92,76
1765851752,93,77
1765851753,89,74
1765851754,89,74
1765851755,89,74
1765851757,89,73
1765851758,91,76
1765851759,92,76
1765851760,93,77
1765851761,89,74
1765851762,89,74
1765851763,89,73
1765851764,89,74
1765851765,89,74
1765851766,89,74
1765851767,89,74
1765851768,90,73
1765851769,93,76
1765851770,93,75
1765851771,93,75
1765851772,94,76
1765851773,95,75
1765851774,94,77
1765851775,95,76
1765851776,94,76
1765851777,89,74
1765851778,89,74
1765851779,89,73
1765851780,90,75
1765851781,90,74
1765851782,94,76
1765851783,95,77
1765851784,95,75
1765851785,95,75
1765851786,95,76
1765851787,94,76
1765851788,93,74
1765851789,93,74
1765851790,95,74
1765851791,93,72
1765851792,90,73
1765851794,90,73
1765851795,89,72
1765851796,91,73
1765851797,95,75
1765851798,89,72
1765851799,91,72
1765851800,95,74
1765851801,93,73
1765851802,89,72
1765851803,90,72
1765851804,91,71
1765851805,95,74
1765851806,90,72
1765851807,93,72
1765851808,95,74
1765851809,93,74
1765851810,90,72
1765851811,90,72
1765851812,93,73
1765851813,90,72
1765851814,91,73
1765851815,95,73
1765851816,93,73
1765851817,90,72
1765851818,90,72
1765851819,91,72
1765851820,95,74
1765851821,89,72
1765851822,91,71
1765851823,95,74
1765851824,93,73
1765851825,89,72
1765851826,89,72
1765851827,91,71
1765851828,95,74
1765851829,89,71
1765851830,93,73
1765851831,95,74
1765851833,93,74
1765851834,90,72
1765851835,90,72
1765851836,91,72
1765851837,89,72
1765851838,91,73
1765851839,95,74
1765851840,94,74
1765851841,91,73
1765851842,89,72
1765851843,91,73
1765851844,95,74
1765851845,90,72
1765851846,91,73
1765851847,95,73
1765851848,93,72
1765851849,90,72
1765851850,90,72
1765851851,91,73
1765851852,95,73
1765851853,89,72
1765851854,91,72
1765851855,95,74
1765851856,93,73
1765851857,89,72
1765851858,90,72
1765851859,91,72
1765851860,89,72
1765851861,89,72
1765851862,91,71
1765851863,95,74
1765851864,93,74
1765851865,89,72
1765851866,89,72
1765851867,92,72
1765851868,90,72
1765851869,90,72
1765851870,95,74
1765851871,93,72
1765851873,90,72
1765851874,90,72
1765851875,91,73
1765851876,95,74
1765851877,89,72
1765851878,91,72
1765851879,95,74
1765851880,93,73
1765851881,89,72
1765851882,90,72
1765851883,91,72
1765851884,90,72
1765851885,90,72
1765851886,91,73
1765851887,95,74
1765851888,93,73
1765851889,90,72
1765851890,89,72
1765851891,91,72
1765851892,89,72
1765851893,90,72
1765851894,91,72
1765851895,94,74
1765851896,93,73
1765851897,90,72
1765851898,90,72
1765851899,91,71
1765851900,90,72
1765851901,89,72
1765851902,92,72
1765851903,95,74
1765851904,93,75
1765851905,90,72
1765851906,89,72
1765851907,93,74
1765851908,90,72
1765851909,90,72
1765851910,92,72
1765851911,95,74
1765851913,93,75
1765851914,90,72
1765851915,90,72
1765851916,93,74
1765851917,89,72
1765851918,90,72
1765851919,93,73
1765851920,95,74
1765851921,93,73
1765851922,90,72
1765851923,89,72
1765851924,93,74
1765851925,89,72
1765851926,90,72
1765851927,91,71
1765851928,94,74
1765851929,93,74
1765851930,89,72
1765851931,95,74
1765851932,93,74
1765851933,89,72
1765851934,90,72
1765851935,93,73
1765851936,95,74
1765851937,92,74
1765851938,89,72
1765851939,93,73
1765851940,90,72
1765851941,89,72
1765851942,91,73
1765851943,94,73
1765851944,93,72
1765851945,90,72
1765851946,89,72
1765851947,93,73
1765851948,89,72
1765851949,90,72
1765851950,91,71
1765851951,95,74
1765851953,93,74
1765851954,89,72
1765851955,95,74
1765851956,92,73
1765851957,89,72
1765851958,91,73
1765851959,93,73
1765851960,95,74
1765851961,92,74
1765851962,89,72
1765851963,93,73
1765851964,89,72
1765851965,90,72
1765851966,91,73
1765851967,95,74
1765851968,93,73
1765851969,90,72
1765851970,89,72
1765851971,92,73
1765851972,89,72
1765851973,91,73
1765851974,94,73
1765851975,95,74
1765851976,91,73
1765851977,89,72
1765851978,93,73
1765851979,89,72
1765851980,90,72
1765851981,91,72
1765851982,95,74
1765851983,94,73
1765851984,89,72
1765851985,89,72
1765851986,93,73
1765851987,89,72
1765851988,89,72
1765851989,91,71
1765851990,95,74
1765851991,94,74
1765851993,89,72
1765851994,89,72
1765851995,93,75
1765851996,90,72
1765851997,90,72
1765851998,91,72
1765851999,95,74
1765852000,93,73
1765852001,90,72
1765852002,95,74
1765852003,93,74
1765852004,90,72
1765852005,90,72
1765852006,92,72
1765852007,95,74
1765852008,93,74
1765852009,89,72
1765852010,94,74
1765852011,91,73
1765852012,89,72
1765852013,91,73
1765852014,95,74
1765852015,93,73
1765852016,90,72
1765852017,95,74
1765852018,93,73
1765852019,90,72
1765852020,89,72
1765852021,91,71
1765852022,95,74
1765852023,94,74
1765852024,90,72
1765852025,95,74
1765852026,94,74
1765852027,90,72
1765852028,90,72
1765852029,91,73
1765852030,95,74
1765852032,94,73
1765852033,90,72
1765852034,93,73
1765852035,94,74
1765852036,100,73
1765852037,100,72
1765852038,100,72
1765852039,100,73
1765852040,100,73
1765852041,100,72
1765852042,100,72
1765852043,100,72
1765852044,100,72
1765852045,100,72
1765852046,100,72
1765852047,7,0
1765852048,0,0
1765852049,7,0
1765852050,9,0
1765852051,0,0
1765852052,0,0
1765852053,0,0
1765852054,48,37
1765852055,92,76
1765852056,91,75
1765852057,90,75
1765852058,89,74
1765852059,89,75
1765852060,89,75
1765852061,89,74
1765852062,90,75
1765852063,89,75
1765852064,89,74
1765852065,89,75
1765852066,85,71
1765852067,89,74
1765852069,89,74
1765852070,89,74
1765852071,89,74
1765852072,89,74
1765852073,89,74
1765852074,89,74
1765852075,89,74
1765852076,89,74
1765852077,89,74
1765852078,91,75
1765852079,91,74
1765852080,90,74
1765852081,90,75
1765852082,90,75
1765852083,90,74
1765852084,90,73
1765852085,91,74
1765852086,93,74
1765852087,93,76
1765852088,92,76
1765852089,91,74
1765852090,90,74
1765852091,89,74
1765852092,89,74
1765852093,91,75
1765852094,91,74
1765852095,92,73
1765852096,93,75
1765852097,95,75
1765852098,95,76
1765852099,95,75
1765852100,93,75
1765852101,89,74
1765852102,89,72
1765852103,91,71
1765852104,95,74
1765852105,93,74
1765852106,89,72
1765852107,90,72
1765852109,93,73
1765852110,89,72
1765852111,91,73
1765852112,95,74
1765852113,93,73
1765852114,90,72
1765852115,89,72
1765852116,91,73
1765852117,90,72
1765852118,89,72
1765852119,91,73
1765852120,95,74
1765852121,93,73
1765852122,90,72
1765852123,89,72
1765852124,91,73
1765852125,89,72
1765852126,89,72
1765852127,90,72
1765852128,95,74
1765852129,93,73
1765852130,89,72
1765852131,90,72
1765852132,91,72
1765852133,89,72
1765852134,89,72
1765852135,91,71
1765852136,95,74
1765852137,93,74
1765852138,89,72
1765852139,90,72
1765852140,93,74
1765852141,89,72
1765852142,90,72
1765852143,93,73
1765852144,95,74
1765852145,92,74
1765852146,89,72
1765852148,89,72
1765852149,91,73
1765852150,89,72
1765852151,91,73
1765852152,93,73
1765852153,94,74
1765852154,91,73
1765852155,89,72
1765852156,94,74
1765852157,91,73
1765852158,89,72
1765852159,91,73
1765852160,93,73
1765852161,95,74
1765852162,92,74
1765852163,90,73
1765852164,95,74
1765852165,92,74
1765852166,90,72
1765852167,90,72
1765852168,93,73
1765852169,95,74
1765852170,92,74
1765852171,89,72
1765852172,94,74
1765852173,91,73
1765852174,89,72
1765852175,91,73
1765852176,95,74
1765852177,93,73
1765852178,90,72
1765852179,95,74
1765852180,93,73
1765852181,89,72
1765852182,89,72
1765852183,90,71
1765852184,94,74
1765852185,93,74
1765852186,90,72
1765852188,94,74
1765852189,93,74
1765852190,90,72
1765852191,89,72
1765852192,91,71
1765852193,94,74
1765852194,93,74
1765852195,91,73
1765852196,95,74
1765852197,93,73
1765852198,90,72
1765852199,89,72
1765852200,91,73
1765852201,95,74
1765852202,93,73
1765852203,91,73
1765852204,95,74
1765852205,93,73
1765852206,91,73
1765852207,89,72
1765852208,91,73
1765852209,93,73
1765852210,89,72
1765852211,89,72
1765852212,92,72
1765852213,95,74
1765852214,93,74
1765852215,89,72
1765852216,90,72
1765852217,93,75
1765852218,89,72
1765852219,89,72
1765852220,91,71
1765852221,95,74
1765852222,93,74
1765852223,89,72
1765852224,89,72
1765852226,93,74
1765852227,89,72
1765852228,89,72
1765852229,91,72
1765852230,95,74
1765852231,93,74
1765852232,90,72
1765852233,90,72
1765852234,93,74
1765852235,89,72
1765852236,90,72
1765852237,91,72
1765852238,95,74
1765852239,93,73
1765852240,89,72
1765852241,95,74
1765852242,93,73
1765852243,89,72
1765852244,89,72
1765852245,91,72
1765852246,95,74
1765852247,93,74
1765852248,89,72
1765852249,95,74
1765852250,93,74
1765852251,89,72
1765852252,90,72
1765852253,91,72
1765852254,95,74
1765852255,93,73
1765852256,90,72
1765852257,95,74
1765852258,93,74
1765852259,89,72
1765852260,90,72
1765852261,91,72
1765852262,95,74
1765852263,92,74
1765852264,94,73
1765852266,95,74
1765852267,92,74
1765852268,89,72
1765852269,90,72
1765852270,92,72
1765852271,95,74
1765852272,93,74
1765852273,91,72
1765852274,95,74
1765852275,93,73
1765852276,89,72
1765852277,89,72
1765852278,91,72
1765852279,95,74
1765852280,93,73
1765852281,91,73
1765852282,95,74
1765852283,94,74
1765852284,92,74
1765852285,89,72
1765852286,90,72
1765852287,91,72
1765852288,89,73
1765852289,89,72
1765852290,91,72
1765852291,95,74
1765852292,93,73
1765852293,90,72
1765852294,89,72
1765852295,91,73
1765852296,89,72
1765852297,89,72
1765852298,91,72
1765852299,95,74
1765852300,93,73
1765852301,90,72
1765852302,90,72
1765852303,91,73
1765852304,89,72
1765852306,89,72
1765852307,91,73
1765852308,95,74
1765852309,93,73
1765852310,90,73
1765852311,89,72
1765852312,93,73
1765852313,90,72
1765852314,89,72
1765852315,91,73
1765852316,95,74
1765852317,94,74
1765852318,92,73
1765852319,90,72
1765852320,95,74
1765852321,92,74
1765852322,89,72
1765852323,90,73
1765852324,93,73
1765852325,95,74
1765852326,93,74
1765852327,90,73
1765852328,95,74
1765852329,90,72
1765852330,89,72
1765852331,91,73
1765852332,95,74
1765852333,93,73
1765852334,90,72
1765852335,95,74
1765852336,93,73
1765852337,89,72
1765852338,89,72
1765852339,91,73
1765852340,95,74
1765852341,93,74
1765852342,91,73
1765852343,95,74
1765852345,94,74
1765852346,92,73
1765852347,89,72
1765852348,89,72
1765852349,91,72
1765852350,95,74
1765852351,100,73
1765852352,100,74
1765852353,100,74
1765852354,100,73
1765852355,100,72
1765852356,100,73
1765852357,100,74
1765852358,100,74
1765852359,100,73
1765852360,100,74
1765852361,100,74
1765852362,2,0
1765852363,0,0
1765852364,7,0
1765852365,9,0
1765852366,0,0
1765852367,0,0
1765852368,91,75
1765852369,90,75
1765852370,89,74
1765852371,89,74
1765852372,89,74
1765852373,89,74
1765852374,90,75
1765852375,89,74
1765852376,89,74
1765852377,89,74
1765852378,89,74
1765852379,89,74
1765852380,89,74
1765852381,91,75
1765852382,91,75
1765852384,91,75
1765852385,90,74
1765852386,90,74
1765852387,89,74
1765852388,90,74
1765852389,89,73
1765852390,94,76
1765852391,93,76
1765852392,94,75
1765852393,93,75
1765852394,93,75
1765852395,93,75
1765852396,93,76
1765852397,93,75
1765852398,89,74
1765852399,90,74
1765852400,90,73
1765852401,90,74
1765852402,89,73
1765852403,91,75
1765852404,91,74
1765852405,93,74
1765852406,93,76
1765852407,91,74
1765852408,89,73
1765852409,90,70
1765852410,95,72
1765852411,90,71
1765852412,92,70
1765852413,91,71
1765852414,95,72
1765852415,90,71
1765852416,94,71
1765852417,93,72
1765852418,91,71
1765852419,95,72
1765852420,90,71
1765852421,91,71
1765852422,91,71
1765852424,95,72
1765852425,90,70
1765852426,95,72
1765852427,93,72
1765852428,91,71
1765852429,89,70
1765852430,95,72
1765852431,91,71
1765852432,91,70
1765852433,95,72
1765852434,90,71
1765852435,95,72
1765852436,92,72
1765852437,94,71
1765852438,90,71
1765852439,95,72
1765852440,92,73
1765852441,90,71
1765852442,94,72
1765852443,90,71
1765852444,92,72
1765852445,91,71
1765852446,95,72
1765852447,90,71
1765852448,91,70
1765852449,93,71
1765852450,90,70
1765852451,95,72
1765852452,91,70
1765852453,94,72
1765852454,90,71
1765852455,95,72
1765852456,93,73
1765852457,90,70
1765852458,95,72
1765852459,88,67
1765852460,92,73
1765852461,90,71
1765852463,95,72
1765852464,89,71
1765852465,91,71
1765852466,95,72
1765852467,95,72
1765852468,92,70
1765852469,90,70
1765852470,95,72
1765852471,92,73
1765852472,90,70
1765852473,95,72
1765852474,90,71
1765852475,93,72
1765852476,90,70
1765852477,95,72
1765852478,92,72
1765852479,90,71
1765852480,95,72
1765852481,89,71
1765852482,93,72
1765852483,89,70
1765852484,95,72
1765852485,92,73
1765852486,90,71
1765852487,95,72
1765852488,90,71
1765852489,91,71
1765852490,90,71
1765852491,95,72
1765852492,93,72
1765852493,90,71
1765852494,95,72
1765852495,90,71
1765852496,91,72
1765852497,90,71
1765852498,93,71
1765852499,94,72
1765852501,90,71
1765852502,95,72
1765852503,93,73
1765852504,90,71
1765852505,95,72
1765852506,91,71
1765852507,95,73
1765852508,90,71
1765852509,91,71
1765852510,95,73
1765852511,90,71
1765852512,91,71
1765852513,90,71
1765852514,95,72
1765852515,94,73
1765852516,90,71
1765852517,95,72
1765852518,93,73
1765852519,90,70
1765852520,95,72
1765852521,91,70
1765852522,94,72
1765852523,90,71
1765852524,92,71
1765852525,93,72
1765852526,90,72
1765852527,91,70
1765852528,95,73
1765852529,93,71
1765852530,93,71
1765852531,89,71
1765852532,91,70
1765852533,95,73
1765852534,90,71
1765852535,91,72
1765852536,90,72
1765852537,91,72
1765852538,95,73
1765852539,93,73
1765852541,89,72
1765852542,91,72
1765852543,95,73
1765852544,93,72
1765852545,91,71
1765852546,95,74
1765852547,93,74
1765852548,90,72
1765852549,91,73
1765852550,95,74
1765852551,93,73
1765852552,90,72
1765852553,94,74
1765852554,90,72
1765852555,90,72
1765852556,93,72
1765852557,95,74
1765852558,83,67
1765852559,91,72
1765852560,89,72
1765852561,89,71
1765852562,93,72
1765852563,95,74
1765852564,91,73
1765852565,90,72
1765852566,91,72
1765852567,95,73
1765852568,90,72
1765852569,93,73
1765852570,95,74
1765852571,92,73
1765852572,90,72
1765852573,91,72
1765852574,95,73
1765852575,93,73
1765852576,92,72
1765852577,95,74
1765852578,91,73
1765852580,90,72
1765852581,91,72
1765852582,95,73
1765852583,93,74
1765852584,95,74
1765852585,93,72
1765852586,90,72
1765852587,90,71
1765852588,94,73
1765852589,93,73
1765852590,90,72
1765852591,90,72
1765852592,93,74
1765852593,90,72
1765852594,91,72
1765852595,95,74
1765852596,94,73
1765852597,89,72
1765852598,90,72
1765852599,91,73
1765852600,90,72
1765852601,91,72
1765852602,95,73
1765852603,93,73
1765852604,90,72
1765852605,90,72
1765852606,93,72
1765852607,90,72
1765852608,91,72
1765852609,95,74
1765852610,93,73
1765852611,89,72
1765852612,89,72
1765852613,93,72
1765852614,95,74
1765852615,91,73
1765852616,95,73
1765852617,93,72
1765852618,90,72
1765852620,90,72
1765852621,93,72
1765852622,95,74
1765852623,91,71
1765852624,95,73
1765852625,93,74
1765852626,90,72
1765852627,91,72
1765852628,95,74
1765852629,93,74
1765852630,89,72
1765852631,93,72
1765852632,89,71
1765852633,90,71
1765852634,93,72
1765852635,94,73
1765852636,89,71
1765852637,89,71
1765852638,91,71
1765852639,89,71
1765852640,91,72
1765852641,95,73
1765852642,93,73
1765852643,89,72
1765852644,90,72
1765852645,94,73
1765852646,89,71
1765852647,91,71
1765852648,95,74
1765852649,93,74
1765852650,89,72
1765852651,91,72
1765852652,95,73
1765852653,93,73
1765852654,95,73
1765852655,93,73
1765852656,89,72
1765852657,91,72
1765852658,94,73
1765852660,93,74
1765852661,89,71
1765852662,91,71
1765852663,89,72
1765852664,91,72
1765852665,95,73
1765852666,93,74
1765852667,89,72
1765852668,100,72
1765852669,100,72
1765852670,100,72
1765852671,100,72
1765852672,100,72
1765852673,100,72
1765852674,100,72
1765852675,100,72
1765852676,100,72
1765852677,100,72
1765852678,100,72
1765852679,0,0
1765852680,0,0
1765852681,2,0
1765852682,1,0
1765852683,0,0
1765852684,0,0
1765852685,89,74
1765852686,89,74
1765852687,89,74
1765852688,89,74
1765852689,89,74
1765852690,89,74
1765852691,89,74
1765852692,90,74
1765852693,89,74
1765852694,89,74
1765852695,89,74
1765852696,89,74
1765852697,89,74
1765852699,89,74
1765852700,91,75
1765852701,89,74
1765852702,89,74
1765852703,89,74
1765852704,89,74
1765852705,89,74
1765852706,89,74
1765852707,90,75
1765852708,92,76
1765852709,89,74
1765852710,89,74
1765852711,89,74
1765852712,89,74
1765852713,89,74
1765852714,89,74
1765852715,89,74
1765852716,89,74
1765852717,95,77
1765852718,95,77
1765852719,95,77
1765852720,95,76
1765852721,93,75
1765852722,93,74
1765852723,93,75
1765852724,89,74
1765852725,89,74
1765852726,89,73
1765852727,89,74
1765852728,89,73
1765852729,91,74
1765852730,91,75
1765852731,91,74
1765852732,91,75
1765852733,89,74
1765852734,89,73
1765852735,89,73
1765852736,89,73
1765852737,89,74
1765852739,89,73
1765852740,89,72
1765852741,95,76
1765852742,94,75
1765852743,93,76
1765852744,93,74
1765852745,93,75
1765852746,93,76
1765852747,91,73
1765852748,91,75
1765852749,91,72
1765852750,92,74
1765852751,94,74
1765852752,93,73
1765852753,90,71
1765852754,93,70
1765852755,94,72
1765852756,95,72
1765852757,90,71
1765852758,93,71
1765852759,93,72
1765852760,89,70
1765852761,95,72
1765852762,90,71
1765852763,91,69
1765852764,90,71
1765852765,95,72
1765852766,90,71
1765852767,91,70
1765852768,94,71
1765852769,90,71
1765852770,94,72
1765852771,91,72
1765852772,95,72
1765852773,89,71
1765852774,91,69
1765852775,94,71
1765852776,89,70
1765852778,95,72
1765852779,93,73
1765852780,94,72
1765852781,90,71
1765852782,93,71
1765852783,93,72
1765852784,90,71
1765852785,95,72
1765852786,93,73
1765852787,90,70
1765852788,89,71
1765852789,91,70
1765852790,93,71
1765852791,89,71
1765852792,93,71
1765852793,93,72
1765852794,90,71
1765852795,90,71
1765852796,91,71
1765852797,95,72
1765852798,89,71
1765852799,91,70
1765852800,95,73
1765852801,89,71
1765852802,91,70
1765852803,90,70
1765852804,95,73
1765852805,92,73
1765852806,89,70
1765852807,95,72
1765852808,91,71
1765852809,91,71
1765852810,89,71
1765852811,93,71
1765852812,93,72
1765852813,89,71
1765852814,94,72
1765852815,93,72
1765852816,89,71
1765852818,95,72
1765852819,91,71
1765852820,95,72
1765852821,89,71
1765852822,91,70
1765852823,93,72
1765852824,90,71
1765852825,92,71
1765852826,93,71
1765852827,95,72
1765852828,92,72
1765852829,90,70
1765852830,95,72
1765852831,90,71
1765852832,91,72
1765852833,94,72
1765852834,92,71
1765852835,93,72
1765852836,90,71
1765852837,94,71
1765852838,93,72
1765852839,90,71
1765852840,95,72
1765852841,93,73
1765852842,95,72
1765852843,90,71
1765852844,91,71
1765852845,95,73
1765852846,89,71
1765852847,91,70
1765852848,95,72
1765852849,90,71
1765852850,93,73
1765852851,89,70
1765852852,95,72
1765852853,91,71
1765852854,89,71
1765852855,95,73
1765852856,91,72
1765852858,93,72
1765852859,90,71
1765852860,92,71
1765852861,93,71
1765852862,90,72
1765852863,92,71
1765852864,93,72
1765852865,90,71
1765852866,90,71
1765852867,90,71
1765852868,95,73
1765852869,93,74
1765852870,89,71
1765852871,91,71
1765852872,95,73
1765852873,90,72
1765852874,95,73
1765852875,90,72
1765852876,90,71
1765852877,93,72
1765852878,93,72
1765852879,89,71
1765852880,91,72
1765852881,89,71
1765852882,90,72
1765852883,94,73
1765852884,93,72
1765852885,90,72
1765852886,91,72
1765852887,95,73
1765852888,91,73
1765852889,95,73
1765852890,92,73
1765852891,89,71
1765852892,92,71
1765852893,95,73
1765852894,89,72
1765852895,89,71
1765852897,95,73
1765852898,89,71
1765852899,94,73
1765852900,93,72
1765852901,89,71
1765852902,89,71
1765852903,95,73
1765852904,93,73
1765852905,95,73
1765852906,93,72
1765852907,89,71
1765852908,91,71
1765852909,95,73
1765852910,91,72
1765852911,89,71
1765852912,93,72
1765852913,89,71
1765852914,91,71
1765852915,95,74
1765852916,91,72
1765852917,89,71
1765852918,92,71
1765852919,93,72
1765852920,90,72
1765852921,93,72
1765852922,89,72
1765852923,91,72
1765852924,95,73
1765852925,93,73
1765852926,89,71
1765852927,91,71
1765852928,89,72
1765852929,91,73
1765852930,95,73
1765852931,93,72
1765852932,89,71
1765852933,90,71
1765852934,94,72
1765852935,94,73
1765852937,91,71
1765852938,95,73
1765852939,92,73
1765852940,90,72
1765852941,91,72
1765852942,95,73
1765852943,93,74
1765852944,95,73
1765852945,93,74
1765852946,90,72
1765852947,91,72
1765852948,95,73
1765852949,93,74
1765852950,90,72
1765852951,91,72
1765852952,90,72
1765852953,91,72
1765852954,95,73
1765852955,93,74
1765852956,90,72
1765852957,91,73
1765852958,95,73
1765852959,93,73
1765852960,95,73
1765852961,93,72
1765852962,89,71
1765852963,91,72
1765852964,95,73
1765852965,93,73
1765852966,90,72
1765852967,93,73
1765852968,89,71
1765852969,91,73
1765852970,95,73
1765852971,93,73
1765852972,89,72
1765852973,91,72
1765852974,94,73
1765852975,91,72
1765852977,95,73
1765852978,93,72
1765852979,90,72
1765852980,90,71
1765852981,93,72
1765852982,94,73
1765852983,91,71
1765852984,100,73
1765852985,100,72
1765852986,100,72
1765852987,100,72
1765852988,100,72
1765852989,100,72
1765852990,100,72
1765852991,100,72
1765852992,100,72
1765852993,100,72
1765852994,100,72
1765852995,6,0
1765852996,0,0
1765852997,7,0
1765852998,10,0
1765852999,0,0
1765853000,0,0
1765853001,51,39
1765853002,91,75
1765853003,91,75
1765853004,89,74
1765853005,89,74
1765853006,93,76
1765853007,91,74
1765853008,91,75
1765853009,90,76
1765853010,89,74
1765853011,89,74
1765853012,89,74
1765853013,89,74
1765853014,91,74
1765853016,91,75
1765853017,88,73
1765853018,90,75
1765853019,89,74
1765853020,89,74
1765853021,89,74
1765853022,91,75
1765853023,91,75
1765853024,89,74
1765853025,89,74
1765853026,89,73
1765853027,89,74
1765853028,95,77
1765853029,95,77
1765853030,95,77
1765853031,94,76
1765853032,95,77
1765853033,94,75
1765853034,94,76
1765853035,95,76
1765853036,89,74
1765853037,89,74
1765853038,89,74
1765853039,89,73
1765853040,89,74
1765853041,89,74
1765853042,89,72
1765853043,90,73
1765853044,93,76
1765853045,93,77
1765853046,93,77
1765853047,92,76
1765853048,92,75
1765853049,89,73
1765853050,89,73
1765853051,90,72
1765853052,93,73
1765853054,94,74
1765853055,94,76
1765853056,95,75
1765853057,94,75
1765853058,93,75
1765853059,93,75
1765853060,90,73
1765853061,91,76
1765853062,91,72
1765853063,95,75
1765853064,95,75
1765853065,93,74
1765853066,89,72
1765853067,95,75
1765853068,93,70
1765853069,90,70
1765853070,95,72
1765853071,90,70
1765853072,95,71
1765853073,90,70
1765853074,94,71
1765853075,91,69
1765853076,94,71
1765853077,89,70
1765853078,95,71
1765853079,90,70
1765853080,95,71
1765853081,91,71
1765853082,88,67
1765853083,91,70
1765853084,93,70
1765853085,89,70
1765853086,95,72
1765853087,90,71
1765853088,92,70
1765853089,93,72
1765853090,95,72
1765853091,90,70
1765853093,95,72
1765853094,91,71
1765853095,91,70
1765853096,95,72
1765853097,90,70
1765853098,95,71
1765853099,91,70
1765853100,93,71
1765853101,90,70
1765853102,95,72
1765853103,89,70
1765853104,92,69
1765853105,94,72
1765853106,90,70
1765853107,90,70
1765853108,95,71
1765853109,93,73
1765853110,91,71
1765853111,95,72
1765853112,90,70
1765853113,95,72
1765853114,91,69
1765853115,93,72
1765853116,90,70
1765853117,95,72
1765853118,90,71
1765853119,91,69
1765853120,93,71
1765853121,90,70
1765853122,90,71
1765853123,93,70
1765853124,93,72
1765853125,90,70
1765853126,95,72
1765853127,90,70
1765853128,93,70
1765853129,91,71
1765853130,95,72
1765853131,90,70
1765853133,95,72
1765853134,92,71
1765853135,91,71
1765853136,95,72
1765853137,89,70
1765853138,90,70
1765853139,91,70
1765853140,93,71
1765853141,90,70
1765853142,95,71
1765853143,90,71
1765853144,91,70
1765853145,93,71
1765853146,95,72
1765853147,89,70
1765853148,95,72
1765853149,93,73
1765853150,90,71
1765853151,95,72
1765853152,91,71
1765853153,94,72
1765853154,90,71
1765853155,92,71
1765853156,93,71
1765853157,90,71
1765853158,93,71
1765853159,93,72
1765853160,90,71
1765853161,89,71
1765853162,91,71
1765853163,95,73
1765853164,90,71
1765853165,91,71
1765853166,95,73
1765853167,90,71
1765853168,91,72
1765853169,90,72
1765853170,91,72
1765853171,95,73
1765853173,91,72
1765853174,89,71
1765853175,95,73
1765853176,93,73
1765853177,95,73
1765853178,92,73
1765853179,90,71
1765853180,92,72
1765853181,94,73
1765853182,89,71
1765853183,90,71
1765853184,95,73
1765853185,89,71
1765853186,93,72
1765853187,93,72
1765853188,89,72
1765853189,89,71
1765853190,95,73
1765853191,93,73
1765853192,89,72
1765853193,93,72
1765853194,90,72
1765853195,91,72
1765853196,95,73
1765853197,91,72
1765853198,90,72
1765853199,92,71
1765853200,89,71
1765853201,91,71
1765853202,95,73
1765853203,90,72
1765853204,90,71
1765853205,94,72
1765853206,93,72
1765853207,90,72
1765853208,93,72
1765853209,89,72
1765853210,91,72
1765853212,95,73
1765853213,93,73
1765853214,89,71
1765853215,92,71
1765853216,95,73
1765853217,91,71
1765853218,95,73
1765853219,91,73
1765853220,89,71
1765853221,92,71
1765853222,95,74
1765853223,89,72
1765853224,95,74
1765853225,93,74
1765853226,89,72
1765853227,91,72
1765853228,95,74
1765853229,93,74
1765853230,89,72
1765853231,91,73
1765853232,89,72
1765853233,90,72
1765853234,92,72
1765853235,95,74
1765853236,91,73
1765853237,90,72
1765853238,91,72
1765853239,95,73
1765853240,89,71
1765853241,93,72
1765853242,95,74
1765853243,91,73
1765853244,89,72
1765853245,91,72
1765853246,95,73
1765853247,90,71
1765853248,93,72
1765853249,94,73
1765853250,90,72
1765853252,89,72
1765853253,91,71
1765853254,95,74
1765853255,92,73
1765853256,94,73
1765853257,93,73
1765853258,89,72
1765853259,91,73
1765853260,95,73
1765853261,93,72
1765853262,89,72
1765853263,90,71
1765853264,90,72
1765853265,89,72
1765853266,91,71
1765853267,95,74
1765853268,92,73
1765853269,90,72
1765853270,91,72
1765853271,89,72
1765853272,90,72
1765853273,95,73
1765853274,93,73
1765853275,89,72
1765853276,89,71
1765853277,91,73
1765853278,95,74
1765853279,91,73
1765853280,95,74
1765853281,93,73
1765853282,89,71
1765853283,89,71
1765853284,91,71
1765853285,95,74
1765853286,92,73
1765853287,95,74
1765853288,93,73
1765853289,89,72
1765853290,91,73
1765853292,95,73
1765853293,93,73
1765853294,90,72
1765853295,95,74
1765853296,90,72
1765853297,90,72
1765853298,91,71
1765853299,95,74
1765853300,92,73
1765853301,100,72
1765853302,100,72
1765853303,100,72
1765853304,100,72
1765853305,100,73
1765853306,100,73
1765853307,100,72
1765853308,100,73
1765853309,100,72
1765853310,100,72
1765853311,100,72
1765853312,4,0
1765853313,0,0
1765853314,0,0
1765853315,6,0
1765853316,0,0
1765853317,0,0
1765853318,0,0
1765853319,50,38
1765853320,91,75
1765853321,91,76
1765853322,90,75
1765853323,89,74
1765853324,89,74
1765853325,89,74
1765853326,92,75
1765853327,91,75
1765853328,91,76
1765853329,89,74
1765853331,89,74
1765853332,89,74
1765853333,89,74
1765853334,91,75
1765853335,91,75
1765853336,89,74
1765853337,89,74
1765853338,89,74
1765853339,89,74
1765853340,90,75
1765853341,91,75
1765853342,89,74
1765853343,89,74
1765853344,89,74
1765853345,89,74
1765853346,89,74
1765853347,89,74
1765853348,89,74
1765853349,89,73
1765853350,90,75
1765853351,91,74
1765853352,90,75
1765853353,91,74
1765853354,91,75
1765853355,91,73
1765853356,93,75
1765853357,93,74
1765853358,93,75
1765853359,92,76
1765853360,91,74
1765853361,91,74
1765853362,90,74
1765853363,90,74
1765853364,90,75
1765853365,91,74
1765853366,91,73
1765853367,92,74
1765853368,94,75
1765853370,94,75
1765853371,94,76
1765853372,93,75
1765853373,89,74
1765853374,89,73
1765853375,90,73
1765853376,90,75
1765853377,91,74
1765853378,94,75
1765853379,94,76
1765853380,89,74
1765853381,89,74
1765853382,89,73
1765853383,89,73
1765853384,91,72
1765853385,95,72
1765853386,90,71
1765853387,90,71
1765853388,89,71
1765853389,91,72
1765853390,95,73
1765853391,91,72
1765853392,89,71
1765853393,95,73
1765853394,93,73
1765853395,89,71
1765853396,92,73
1765853397,89,71
1765853398,95,72
1765853399,93,72
1765853400,89,71
1765853401,91,71
1765853402,95,73
1765853403,91,70
1765853404,95,73
1765853405,89,71
1765853406,91,72
1765853407,95,73
1765853408,93,74
1765853410,90,71
1765853411,95,73
1765853412,91,72
1765853413,95,73
1765853414,93,74
1765853415,89,71
1765853416,92,71
1765853417,93,72
1765853418,90,72
1765853419,90,72
1765853420,89,72
1765853421,91,72
1765853422,95,73
1765853423,91,72
1765853424,90,71
1765853425,93,72
1765853426,93,72
1765853427,94,73
1765853428,93,72
1765853429,89,71
1765853430,91,71
1765853431,95,73
1765853432,90,72
1765853433,89,71
1765853434,94,73
1765853435,90,71
1765853436,93,72
1765853437,93,72
1765853438,89,71
1765853439,91,72
1765853440,95,73
1765853441,93,74
1765853442,90,71
1765853443,91,72
1765853444,90,71
1765853445,93,72
1765853446,93,72
1765853447,89,71
1765853448,91,72
1765853450,95,73
1765853451,89,71
1765853452,95,73
1765853453,93,73
1765853454,89,71
1765853455,91,72
1765853456,94,73
1765853457,93,74
1765853458,95,73
1765853459,92,73
1765853460,89,71
1765853461,92,71
1765853462,94,73
1765853463,89,71
1765853464,90,72
1765853465,95,73
1765853466,90,71
1765853467,95,73
1765853468,93,73
1765853469,89,72
1765853470,91,72
1765853471,95,73
1765853472,93,74
1765853473,94,73
1765853474,93,74
1765853475,86,69
1765853476,93,72
1765853477,93,72
1765853478,89,71
1765853479,91,73
1765853480,95,73
1765853481,91,72
1765853482,95,73
1765853483,93,73
1765853484,89,71
1765853485,91,71
1765853486,95,73
1765853488,91,72
1765853489,89,71
1765853490,91,72
1765853491,90,71
1765853492,93,72
1765853493,93,72
1765853494,90,72
1765853495,89,71
1765853496,94,73
1765853497,89,71
1765853498,93,72
1765853499,95,74
1765853500,89,71
1765853501,89,71
1765853502,95,73
1765853503,93,72
1765853504,89,72
1765853505,93,72
1765853506,89,72
1765853507,91,72
1765853508,95,73
1765853509,93,74
1765853510,89,71
1765853511,91,71
1765853512,89,72
1765853513,91,72
1765853514,95,73
1765853515,93,74
1765853516,90,72
1765853517,91,71
1765853518,95,73
1765853519,90,72
1765853520,95,73
1765853521,90,72
1765853522,89,71
1765853523,93,72
1765853524,93,72
1765853525,89,71
1765853526,91,72
1765853528,95,73
1765853529,90,71
1765853530,94,73
1765853531,93,72
1765853532,90,72
1765853533,91,72
1765853534,95,73
1765853535,93,74
1765853536,95,73
1765853537,93,74
1765853538,89,71
1765853539,91,71
1765853540,95,73
1765853541,86,69
1765853542,90,71
1765853543,94,73
1765853544,90,71
1765853545,93,73
1765853546,94,73
1765853547,89,71
1765853548,90,71
1765853549,94,73
1765853550,93,72
1765853551,89,71
1765853552,92,70
1765853553,90,72
1765853554,89,71
1765853555,93,72
1765853556,95,73
1765853557,90,72
1765853558,90,71
1765853559,90,72
1765853560,89,71
1765853561,93,72
1765853562,94,73
1765853563,90,71
1765853564,89,71
1765853565,93,72
1765853566,94,73
1765853568,91,71
1765853569,94,73
1765853570,90,72
1765853571,89,71
1765853572,93,72
1765853573,93,72
1765853574,89,71
1765853575,90,71
1765853576,90,71
1765853577,90,71
1765853578,93,72
1765853579,94,73
1765853580,90,72
1765853581,90,71
1765853582,95,73
1765853583,89,71
1765853584,93,72
1765853585,95,74
1765853586,90,72
1765853587,89,71
1765853588,93,72
1765853589,93,72
1765853590,90,72
1765853591,95,74
1765853592,90,72
1765853593,90,72
1765853594,92,72
1765853595,94,73
1765853596,89,72
1765853597,90,72
1765853598,93,74
1765853599,89,72
1765853600,91,73
1765853601,95,74
1765853602,93,72
1765853603,89,72
1765853604,90,72
1765853605,91,71
1765853607,89,72
1765853608,91,72
1765853609,95,74
1765853610,93,73
1765853611,90,72
1765853612,89,71
1765853613,91,71
1765853614,95,74
1765853615,90,72
1765853616,93,73
1765853617,95,74
1765853618,100,72
1765853619,100,73
1765853620,100,73
1765853621,100,72
1765853622,100,73
1765853623,100,72
1765853624,100,72
1765853625,100,72
1765853626,100,73
1765853627,100,72
1765853628,100,72
1765853629,2,0
1765853630,0,0
1765853631,2,0
1765853632,1,0
1765853633,0,0
1765853634,0,0
1765853635,0,0
1765853636,91,75
1765853637,91,75
1765853638,91,75
1765853639,90,75
1765853640,90,74
1765853641,89,74
1765853642,89,74
1765853643,89,74
1765853645,91,76
1765853646,89,74
1765853647,89,74
1765853648,89,74
1765853649,89,74
1765853650,89,74
1765853651,90,75
1765853652,89,74
1765853653,89,75
1765853654,89,74
1765853655,89,74
1765853656,89,74
1765853657,92,76
1765853658,93,76
1765853659,93,75
1765853660,89,75
1765853661,89,74
1765853662,91,76
1765853663,93,77
1765853664,93,76
1765853665,93,75
1765853666,93,75
1765853667,94,76
1765853668,89,73
1765853669,89,73
1765853670,89,74
1765853671,89,74
1765853672,89,74
1765853673,89,73
1765853674,89,74
1765853675,91,74
1765853676,91,75
1765853677,91,75
1765853678,91,75
1765853679,91,75
1765853680,91,73
1765853681,91,74
1765853682,91,74
1765853683,93,75
1765853685,93,76
1765853686,91,74
1765853687,89,72
1765853688,89,73
1765853689,89,73
1765853690,89,73
1765853691,89,73
1765853692,94,75
1765853693,95,75
1765853694,95,75
1765853695,95,76
1765853696,95,76
1765853697,95,76
1765853698,93,74
1765853699,89,72
1765853700,89,72
1765853701,89,74
1765853702,91,73
1765853703,91,75
1765853704,91,73
1765853705,93,75
1765853706,95,75
1765853707,89,73
1765853708,89,73
1765853709,89,73
1765853710,90,74
1765853711,91,74
1765853712,94,74
1765853713,95,74
1765853714,89,71
1765853715,93,72
1765853716,90,71
1765853717,95,72
1765853718,93,73
1765853719,89,70
1765853720,95,72
1765853721,91,72
1765853722,94,72
1765853723,89,71
1765853725,91,70
1765853726,93,71
1765853727,89,71
1765853728,91,70
1765853729,94,71
1765853730,89,71
1765853731,91,72
1765853732,90,71
1765853733,95,72
1765853734,93,73
1765853735,90,71
1765853736,95,73
1765853737,93,73
1765853738,89,71
1765853739,89,71
1765853740,91,72
1765853741,94,72
1765853742,91,72
1765853743,90,71
1765853744,95,72
1765853745,93,73
1765853746,95,73
1765853747,90,71
1765853748,91,72
1765853749,95,73
1765853750,91,72
1765853751,90,71
1765853752,95,73
1765853753,93,73
1765853754,95,73
1765853755,89,71
1765853756,91,72
1765853757,95,72
1765853758,91,72
1765853759,90,71
1765853760,95,72
1765853761,91,72
1765853762,95,72
1765853764,91,72
1765853765,90,71
1765853766,95,73
1765853767,91,72
1765853768,89,71
1765853769,95,72
1765853770,91,72
1765853771,95,73
1765853772,90,71
1765853773,91,72
1765853774,95,73
1765853775,91,71
1765853776,90,71
1765853777,89,71
1765853778,91,72
1765853779,95,72
1765853780,92,73
1765853781,90,71
1765853782,94,72
1765853783,93,72
1765853784,89,71
1765853785,93,73
1765853786,89,71
1765853787,95,72
1765853788,93,72
1765853789,90,71
1765853790,91,70
1765853791,95,73
1765853792,92,71
1765853793,93,72
1765853794,90,71
1765853795,91,71
1765853796,95,73
1765853797,90,71
1765853798,90,71
1765853799,95,73
1765853800,91,72
1765853801,95,73
1765853803,91,72
1765853804,89,71
1765853805,95,73
1765853806,94,74
1765853807,89,71
1765853808,91,73
1765853809,90,71
1765853810,95,73
1765853811,93,72
1765853812,90,71
1765853813,91,71
1765853814,95,73
1765853815,89,71
1765853816,93,72
1765853817,89,71
1765853818,91,71
1765853819,95,73
1765853820,89,71
1765853821,91,72
1765853822,95,73
1765853823,91,70
1765853824,95,73
1765853825,90,71
1765853826,91,72
1765853827,95,73
1765853828,93,74
1765853829,89,71
1765853830,91,71
1765853831,90,71
1765853832,91,71
1765853833,95,73
1765853834,91,72
1765853835,90,71
1765853836,93,72
1765853837,93,72
1765853838,92,72
1765853839,94,73
1765853840,90,72
1765853842,90,71
1765853843,95,73
1765853844,93,73
1765853845,90,72
1765853846,91,72
1765853847,89,71
1765853848,91,72
1765853849,95,73
1765853850,92,73
1765853851,89,71
1765853852,91,71
1765853853,95,73
1765853854,91,72
1765853855,95,73
1765853856,91,72
1765853857,89,71
1765853858,93,72
1765853859,93,72
1765853860,89,72
1765853861,91,73
1765853862,89,72
1765853863,91,72
1765853864,95,73
1765853865,93,72
1765853866,90,72
1765853867,91,73
1765853868,95,73
1765853869,93,74
1765853870,95,73
1765853871,93,72
1765853872,89,72
1765853873,91,73
1765853874,95,73
1765853875,93,73
1765853876,89,72
1765853877,95,74
1765853878,93,74
1765853879,89,72
1765853881,89,72
1765853882,92,72
1765853883,94,74
1765853884,93,73
1765853885,90,72
1765853886,94,74
1765853887,95,75
1765853888,93,74
1765853889,89,72
1765853890,89,73
1765853891,89,72
1765853892,91,73
1765853893,90,73
1765853894,89,72
1765853895,89,72
1765853896,91,72
1765853897,95,74
1765853898,95,75
1765853899,93,75
1765853900,89,73
1765853901,95,74
1765853902,93,73
1765853903,91,74
1765853904,89,72
1765853905,89,72
1765853906,91,73
1765853907,91,72
1765853908,89,72
1765853909,89,72
1765853910,90,73
1765853911,91,72
1765853912,95,75
1765853913,93,73
1765853914,91,73
1765853915,89,72
1765853916,94,74
1765853917,93,74
1765853918,89,72
1765853919,89,72
1765853921,89,72
1765853922,91,72
1765853923,95,74
1765853924,95,75
1765853925,89,72
1765853926,91,73
1765853927,94,74
1765853928,95,75
1765853929,93,74
1765853930,89,72
1765853931,89,72
1765853932,95,75
1765853933,93,75
1765853934,100,74
1765853935,100,74
1765853936,100,74
1765853937,100,74
1765853938,100,75
1765853939,100,74
1765853940,100,73
1765853941,100,73
1765853942,100,73
1765853943,100,73
1765853944,36,25
1765853945,0,0
1765853946,0,0
1765853947,0,0
1765853948,4,0
1765853949,0,0
1765853950,0,0
1765853951,0,0
1765853952,0,0
1765853953,0,0
1765853954,93,77
1765853955,93,76
1765853956,93,76
1765853957,95,77
1765853958,95,77
1765853960,93,76
1765853961,91,74
1765853962,90,75
1765853963,93,76
1765853964,95,77
1765853965,95,77
1765853966,93,76
1765853967,91,74
1765853968,91,74
1765853969,91,75
1765853970,89,74
1765853971,94,77
1765853972,95,77
1765853973,93,76
1765853974,91,74
1765853975,91,75
1765853976,89,74
1765853977,90,75
1765853978,93,76
1765853979,91,74
1765853980,91,76
1765853981,90,75
1765853982,89,74
1765853983,89,74
1765853984,89,74
1765853985,93,75
1765853986,93,75
1765853987,91,75
1765853988,91,74
1765853989,91,75
1765853990,91,75
1765853991,90,75
1765853992,91,75
1765853993,93,75
1765853994,93,76
1765853995,93,75
1765853996,93,74
1765853997,93,74
1765853999,93,76
1765854000,93,76
1765854001,90,73
1765854002,91,75
1765854003,91,73
1765854004,91,75
1765854005,91,75
1765854006,91,74
1765854007,91,73
1765854008,91,73
1765854009,93,76
1765854010,92,75
1765854011,91,75
1765854012,89,73
1765854013,89,74
1765854014,89,74
1765854015,89,73
1765854016,89,73
1765854017,94,76
1765854018,95,76
1765854019,95,75
1765854020,95,76
1765854021,93,75
1765854022,93,75
1765854023,93,76
1765854024,89,73
1765854025,91,74
1765854026,94,74
1765854027,95,75
1765854028,93,74
1765854029,89,72
1765854030,90,73
1765854031,89,72
1765854032,87,70
1765854033,90,73
1765854034,89,72
1765854035,91,73
1765854036,95,74
1765854038,95,74
1765854039,93,75
1765854040,89,73
1765854041,95,75
1765854042,93,73
1765854043,89,72
1765854044,90,71
1765854045,93,72
1765854046,95,74
1765854047,91,73
1765854048,90,72
1765854049,93,72
1765854050,90,72
1765854051,90,72
1765854052,91,71
1765854053,95,74
1765854054,93,74
1765854055,90,72
1765854056,94,74
1765854057,90,72
1765854058,89,72
1765854059,91,72
1765854060,95,74
1765854061,93,73
1765854062,90,72
1765854063,90,72
1765854064,91,73
1765854065,89,72
1765854066,91,73
1765854067,95,74
1765854068,93,73
1765854069,90,72
1765854070,89,72
1765854071,91,72
1765854072,89,72
1765854073,90,72
1765854074,93,72
1765854075,95,74
1765854076,93,74
1765854078,90,72
1765854079,91,73
1765854080,90,72
1765854081,89,72
1765854082,91,72
1765854083,94,73
1765854084,93,74
1765854085,89,72
1765854086,90,72
1765854087,91,71
1765854088,90,72
1765854089,89,72
1765854090,93,73
1765854091,95,74
1765854092,93,75
1765854093,90,72
1765854094,90,72
1765854095,93,72
1765854096,89,72
1765854097,91,73
1765854098,95,75
1765854099,93,73
1765854100,89,72
1765854101,89,72
1765854102,91,72
1765854103,91,73
1765854104,90,72
1765854105,91,73
1765854106,95,74
1765854107,93,73
1765854108,90,72
1765854109,89,72
1765854110,91,73
1765854111,90,72
1765854112,90,72
1765854113,91,73
1765854114,95,74
1765854115,93,73
1765854116,89,72
1765854118,89,72
1765854119,93,74
1765854120,89,72
1765854121,89,72
1765854122,91,71
1765854123,94,74
1765854124,93,74
1765854125,90,72
1765854126,90,72
1765854127,93,74
1765854128,90,72
1765854129,90,72
1765854130,93,72
1765854131,95,74
1765854132,92,73
1765854133,90,72
1765854134,90,72
1765854135,91,73
1765854136,89,72
1765854137,91,73
1765854138,94,73
1765854139,95,74
1765854140,91,73
1765854141,90,72
1765854142,93,73
1765854143,90,73
1765854144,90,72
1765854145,91,73
1765854146,94,74
1765854147,94,74
1765854148,91,73
1765854149,90,72
1765854150,93,72
1765854151,89,72
1765854152,89,72
1765854153,91,73
1765854154,95,74
1765854155,93,73
1765854156,90,72
1765854158,89,72
1765854159,93,73
1765854160,90,72
1765854161,90,72
1765854162,91,73
1765854163,95,74
1765854164,93,73
1765854165,90,72
1765854166,95,74
1765854167,93,73
1765854168,89,72
1765854169,90,72
1765854170,91,73
1765854171,95,74
1765854172,93,73
1765854173,89,72
1765854174,95,74
1765854175,93,74
1765854176,90,72
1765854177,90,72
1765854178,91,71
1765854179,95,74
1765854180,93,74
1765854181,90,72
1765854182,94,74
1765854183,92,74
1765854184,90,72
1765854185,90,72
1765854186,93,73
1765854187,95,74
1765854188,93,74
1765854189,95,74
1765854190,94,74
1765854191,91,73
1765854192,89,72
1765854193,91,73
1765854194,95,74
1765854195,94,74
1765854197,89,72
1765854198,95,74
1765854199,93,74
1765854200,90,72
1765854201,90,72
1765854202,91,71
1765854203,95,74
1765854204,93,74
1765854205,90,72
1765854206,95,74
1765854207,93,75
1765854208,89,72
1765854209,90,72
1765854210,92,72
1765854211,95,74
1765854212,93,74
1765854213,93,73
1765854214,95,74
1765854215,93,74
1765854216,89,72
1765854217,90,72
1765854218,93,73
1765854219,95,74
1765854220,93,74
1765854221,93,73
1765854222,95,74
1765854223,93,74
1765854224,89,72
1765854225,89,72
1765854226,91,72
1765854227,95,74
1765854228,93,74
1765854229,95,74
1765854230,94,74
1765854231,92,74
1765854232,89,72
1765854233,89,72
1765854234,91,71
1765854235,95,74
1765854237,89,72
1765854238,92,72
1765854239,95,74
1765854240,93,74
1765854241,89,72
1765854242,90,72
1765854243,91,73
1765854244,95,74
1765854245,89,71
1765854246,91,72
1765854247,95,74
1765854248,93,73
1765854249,89,72
1765854250,97,74
1765854251,100,74
1765854252,100,73
1765854253,100,74
1765854254,100,73
1765854255,100,72
1765854256,100,72
1765854257,100,73
1765854258,100,73
1765854259,100,73
1765854260,100,73
1765854261,5,0
1765854262,0,0
1765854263,0,0
1765854264,6,0
1765854265,2,0
1765854266,0,0
1765854267,0,0
1765854268,0,0
1765854269,0,0
1765854270,0,0
1765854271,60,4
1765854272,0,0
1765854273,0,0
1765854274,100,80
1765854276,100,79
1765854277,100,79
1765854278,100,79
1765854279,100,79
1765854280,100,79
1765854281,100,78
1765854282,100,79
1765854283,100,78
1765854284,0,0
